411727
411681
410325
411121
411422
410927
411082
410184
411424
410926
410724
410185
411282
410621
411328
411725
410329
411721
411729
411122
411423
411025
411323
410726
411623
411627
410221
410328
410526
410482
411426
410922
410825
410323
411330
410727
410821
410883
410182
411421
411726
411329
410422
411425
411622
411628
411322
411327
411325
411528
411381
410183
410923
410882
411525
410222
411723
410622
411521
410782
410721
410822
410421
411526
411624
410225
411324
411722
410481
411326
411724
411728
410527
411481
411621
411081
410522
410122
410823
410223
410327
410523
410425
411221
410326
411024
411527
410423
410781
410725
411625
